'Unit cell' :
     - '1'
     - '2'
'1' : #Duralumin
    rho : 2.8
    E : 83.05583449460845
    Nu : 0.3055948550539155
    thickness : 0.5
'2' : #Epoxy
    rho : 1.1
    E : 5.052215189873418
    Nu : 0.3037974683544304
    thickness : 0.5
