'Unit cell' :
     - '1'
     - '2'
'1' : #Aluminium
    rho : 2.698
    E : 74.55421686746988
    Nu : 0.3313253012048193
    thickness : 0.25
'2' : #Plexi
    rho : 1.19
    E : 5.225380188691034
    Nu : 0.34004998437988126
    thickness : 0.25
